0 -0.0259889
0.001998 -0.0259869
0.003996 -0.0259808
0.00599401 -0.0259705
0.00799201 -0.0259562
0.00999001 -0.0259378
0.011988 -0.0259153
0.013986 -0.0258887
0.015984 -0.025858
0.017982 -0.0258232
0.01998 -0.0257844
0.021978 -0.0257415
0.023976 -0.0256946
0.025974 -0.0256436
0.027972 -0.0255886
0.02997 -0.0255295
0.031968 -0.0254664
0.033966 -0.0253993
0.035964 -0.0253282
0.037962 -0.0252531
0.03996 -0.0251741
0.041958 -0.025091
0.043956 -0.025004
0.045954 -0.0249131
0.047952 -0.0248182
0.04995 -0.0247195
0.0519481 -0.0246168
0.0539461 -0.0245103
0.0559441 -0.0243998
0.0579421 -0.0242856
0.0599401 -0.0241675
0.0619381 -0.0240456
0.0639361 -0.0239199
0.0659341 -0.0237905
0.0679321 -0.0236573
0.0699301 -0.0235204
0.0719281 -0.0233797
0.0739261 -0.0232354
0.0759241 -0.0230874
0.0779221 -0.0229358
0.0799201 -0.0227806
0.0819181 -0.0226217
0.0839161 -0.0224594
0.0859141 -0.0222934
0.0879121 -0.022124
0.0899101 -0.0219511
0.0919081 -0.0217747
0.0939061 -0.0215948
0.0959041 -0.0214116
0.0979021 -0.021225
0.0999001 -0.0210351
0.101898 -0.0208418
0.103896 -0.0206453
0.105894 -0.0204455
0.107892 -0.0202425
0.10989 -0.0200363
0.111888 -0.0198269
0.113886 -0.0196144
0.115884 -0.0193988
0.117882 -0.0191802
0.11988 -0.0189585
0.121878 -0.0187339
0.123876 -0.0185063
0.125874 -0.0182758
0.127872 -0.0180424
0.12987 -0.0178061
0.131868 -0.0175671
0.133866 -0.0173252
0.135864 -0.0170807
0.137862 -0.0168335
0.13986 -0.0165836
0.141858 -0.0163311
0.143856 -0.016076
0.145854 -0.0158184
0.147852 -0.0155583
0.14985 -0.0152957
0.151848 -0.0150307
0.153846 -0.0147634
0.155844 -0.0144937
0.157842 -0.0142218
0.15984 -0.0139476
0.161838 -0.0136712
0.163836 -0.0133927
0.165834 -0.013112
0.167832 -0.0128293
0.16983 -0.0125446
0.171828 -0.0122578
0.173826 -0.0119692
0.175824 -0.0116787
0.177822 -0.0113863
0.17982 -0.0110921
0.181818 -0.0107962
0.183816 -0.0104986
0.185814 -0.0101993
0.187812 -0.00989842
0.18981 -0.00959598
0.191808 -0.00929203
0.193806 -0.00898661
0.195804 -0.00867977
0.197802 -0.00837157
0.1998 -0.00806205
0.201798 -0.00775126
0.203796 -0.00743924
0.205794 -0.00712606
0.207792 -0.00681175
0.20979 -0.00649636
0.211788 -0.00617996
0.213786 -0.00586258
0.215784 -0.00554427
0.217782 -0.00522509
0.21978 -0.00490509
0.221778 -0.00458432
0.223776 -0.00426282
0.225774 -0.00394065
0.227772 -0.00361786
0.22977 -0.0032945
0.231768 -0.00297062
0.233766 -0.00264627
0.235764 -0.00232151
0.237762 -0.00199638
0.23976 -0.00167093
0.241758 -0.00134522
0.243756 -0.0010193
0.245754 -0.000693221
0.247752 -0.000367031
0.24975 -4.07824e-05
0.251748 0.000285472
0.253746 0.000611682
0.255744 0.000937795
0.257742 0.00126376
0.25974 0.00158953
0.261738 0.00191504
0.263736 0.00224026
0.265734 0.00256512
0.267732 0.00288957
0.26973 0.00321358
0.271728 0.00353707
0.273726 0.00386001
0.275724 0.00418234
0.277722 0.00450401
0.27972 0.00482497
0.281718 0.00514517
0.283716 0.00546456
0.285714 0.00578308
0.287712 0.0061007
0.28971 0.00641736
0.291708 0.006733
0.293706 0.00704758
0.295704 0.00736105
0.297702 0.00767337
0.2997 0.00798447
0.301698 0.00829431
0.303696 0.00860285
0.305694 0.00891003
0.307692 0.00921581
0.30969 0.00952013
0.311688 0.00982296
0.313686 0.0101242
0.315684 0.0104239
0.317682 0.010722
0.31968 0.0110183
0.321678 0.0113129
0.323676 0.0116057
0.325674 0.0118967
0.327672 0.0121859
0.32967 0.0124731
0.331668 0.0127583
0.333666 0.0130415
0.335664 0.0133227
0.337662 0.0136018
0.33966 0.0138787
0.341658 0.0141535
0.343656 0.014426
0.345654 0.0146962
0.347652 0.0149641
0.34965 0.0152297
0.351648 0.0154929
0.353646 0.0157536
0.355644 0.0160118
0.357642 0.0162675
0.35964 0.0165207
0.361638 0.0167712
0.363636 0.0170191
0.365634 0.0172644
0.367632 0.0175069
0.36963 0.0177466
0.371628 0.0179836
0.373626 0.0182177
0.375624 0.0184489
0.377622 0.0186772
0.37962 0.0189026
0.381618 0.019125
0.383616 0.0193444
0.385614 0.0195608
0.387612 0.0197741
0.38961 0.0199842
0.391608 0.0201912
0.393606 0.020395
0.395604 0.0205956
0.397602 0.020793
0.3996 0.0209871
0.401598 0.0211779
0.403596 0.0213653
0.405594 0.0215494
0.407592 0.02173
0.40959 0.0219073
0.411588 0.0220811
0.413586 0.0222514
0.415584 0.0224182
0.417582 0.0225815
0.41958 0.0227412
0.421578 0.0228973
0.423576 0.0230499
0.425574 0.0231988
0.427572 0.023344
0.42957 0.0234855
0.431568 0.0236234
0.433566 0.0237575
0.435564 0.0238879
0.437562 0.0240146
0.43956 0.0241374
0.441558 0.0242564
0.443556 0.0243716
0.445554 0.024483
0.447552 0.0245905
0.44955 0.0246942
0.451548 0.0247939
0.453546 0.0248898
0.455544 0.0249817
0.457542 0.0250697
0.45954 0.0251537
0.461538 0.0252338
0.463536 0.0253098
0.465534 0.0253819
0.467532 0.02545
0.46953 0.0255141
0.471528 0.0255742
0.473526 0.0256302
0.475524 0.0256822
0.477522 0.0257302
0.47952 0.0257741
0.481518 0.0258139
0.483516 0.0258497
0.485514 0.0258814
0.487512 0.025909
0.48951 0.0259325
0.491508 0.025952
0.493506 0.0259673
0.495504 0.0259786
0.497502 0.0259857
0.4995 0.0259888
0.501499 0.0259878
0.503497 0.0259827
0.505495 0.0259735
0.507493 0.0259602
0.509491 0.0259428
0.511489 0.0259213
0.513487 0.0258957
0.515485 0.025866
0.517483 0.0258323
0.519481 0.0257945
0.521479 0.0257526
0.523477 0.0257067
0.525475 0.0256567
0.527473 0.0256027
0.529471 0.0255447
0.531469 0.0254826
0.533467 0.0254165
0.535465 0.0253464
0.537463 0.0252723
0.539461 0.0251942
0.541459 0.0251122
0.543457 0.0250262
0.545455 0.0249362
0.547453 0.0248423
0.549451 0.0247445
0.551449 0.0246428
0.553447 0.0245373
0.555445 0.0244278
0.557443 0.0243145
0.559441 0.0241974
0.561439 0.0240764
0.563437 0.0239517
0.565435 0.0238232
0.567433 0.0236909
0.569431 0.0235549
0.571429 0.0234152
0.573427 0.0232718
0.575425 0.0231248
0.577423 0.022974
0.579421 0.0228197
0.581419 0.0226618
0.583417 0.0225003
0.585415 0.0223352
0.587413 0.0221667
0.589411 0.0219946
0.591409 0.0218191
0.593407 0.0216401
0.595405 0.0214577
0.597403 0.021272
0.599401 0.0210829
0.601399 0.0208904
0.603397 0.0206947
0.605395 0.0204957
0.607393 0.0202935
0.609391 0.0200881
0.611389 0.0198795
0.613387 0.0196678
0.615385 0.019453
0.617383 0.0192351
0.619381 0.0190142
0.621379 0.0187903
0.623377 0.0185634
0.625375 0.0183337
0.627373 0.018101
0.629371 0.0178654
0.631369 0.0176271
0.633367 0.017386
0.635365 0.0171421
0.637363 0.0168955
0.639361 0.0166463
0.641359 0.0163944
0.643357 0.01614
0.645355 0.015883
0.647353 0.0156235
0.649351 0.0153616
0.651349 0.0150972
0.653347 0.0148305
0.655345 0.0145614
0.657343 0.01429
0.659341 0.0140164
0.661339 0.0137405
0.663337 0.0134625
0.665335 0.0131824
0.667333 0.0129002
0.669331 0.0126159
0.671329 0.0123297
0.673327 0.0120415
0.675325 0.0117515
0.677323 0.0114596
0.679321 0.0111658
0.681319 0.0108703
0.683317 0.0105731
0.685315 0.0102743
0.687313 0.00997379
0.689311 0.00967173
0.691309 0.00936815
0.693307 0.0090631
0.695305 0.00875661
0.697303 0.00844875
0.699301 0.00813955
0.701299 0.00782907
0.703297 0.00751736
0.705295 0.00720446
0.707293 0.00689043
0.709291 0.00657531
0.711289 0.00625915
0.713287 0.00594201
0.715285 0.00562393
0.717283 0.00530497
0.719281 0.00498517
0.721279 0.00466458
0.723277 0.00434326
0.725275 0.00402125
0.727273 0.00369861
0.729271 0.00337539
0.731269 0.00305164
0.733267 0.0027274
0.735265 0.00240273
0.737263 0.00207769
0.739261 0.00175232
0.741259 0.00142667
0.743257 0.0011008
0.745255 0.000774754
0.747253 0.000448586
0.749251 0.000122347
0.751249 -0.00020391
0.753247 -0.000530136
0.755245 -0.000856278
0.757243 -0.00118229
0.759241 -0.00150811
0.761239 -0.00183369
0.763237 -0.00215898
0.765235 -0.00248394
0.767233 -0.0028085
0.769231 -0.00313262
0.771229 -0.00345625
0.773227 -0.00377933
0.775225 -0.00410181
0.777223 -0.00442365
0.779221 -0.0047448
0.781219 -0.00506519
0.783217 -0.00538479
0.785215 -0.00570354
0.787213 -0.00602138
0.789211 -0.00633828
0.791209 -0.00665419
0.793207 -0.00696904
0.795205 -0.00728279
0.797203 -0.0075954
0.799201 -0.00790681
0.801199 -0.00821697
0.803197 -0.00852584
0.805195 -0.00883336
0.807193 -0.0091395
0.809191 -0.00944419
0.811189 -0.00974739
0.813187 -0.0100491
0.815185 -0.0103491
0.817183 -0.0106476
0.819181 -0.0109444
0.821179 -0.0112394
0.823177 -0.0115327
0.825175 -0.0118242
0.827173 -0.0121138
0.829171 -0.0124014
0.831169 -0.0126872
0.833167 -0.0129709
0.835165 -0.0132526
0.837163 -0.0135322
0.839161 -0.0138097
0.841159 -0.014085
0.843157 -0.014358
0.845155 -0.0146289
0.847153 -0.0148974
0.849151 -0.0151635
0.851149 -0.0154273
0.853147 -0.0156886
0.855145 -0.0159475
0.857143 -0.0162038
0.859141 -0.0164576
0.861139 -0.0167088
0.863137 -0.0169574
0.865135 -0.0172033
0.867133 -0.0174465
0.869131 -0.0176869
0.871129 -0.0179246
0.873127 -0.0181594
0.875125 -0.0183914
0.877123 -0.0186204
0.879121 -0.0188466
0.881119 -0.0190697
0.883117 -0.0192899
0.885115 -0.019507
0.887113 -0.019721
0.889111 -0.019932
0.891109 -0.0201398
0.893107 -0.0203444
0.895105 -0.0205458
0.897103 -0.020744
0.899101 -0.0209389
0.901099 -0.0211305
0.903097 -0.0213187
0.905095 -0.0215037
0.907093 -0.0216852
0.909091 -0.0218633
0.911089 -0.022038
0.913087 -0.0222091
0.915085 -0.0223768
0.917083 -0.022541
0.919081 -0.0227016
0.921079 -0.0228586
0.923077 -0.0230121
0.925075 -0.0231619
0.927073 -0.023308
0.929071 -0.0234505
0.931069 -0.0235893
0.933067 -0.0237244
0.935065 -0.0238557
0.937063 -0.0239833
0.939061 -0.024107
0.941059 -0.024227
0.943057 -0.0243432
0.945055 -0.0244555
0.947053 -0.024564
0.949051 -0.0246686
0.951049 -0.0247693
0.953047 -0.0248662
0.955045 -0.0249591
0.957043 -0.025048
0.959041 -0.0251331
0.961039 -0.0252141
0.963037 -0.0252912
0.965035 -0.0253643
0.967033 -0.0254334
0.969031 -0.0254985
0.971029 -0.0255596
0.973027 -0.0256166
0.975025 -0.0256696
0.977023 -0.0257186
0.979021 -0.0257635
0.981019 -0.0258043
0.983017 -0.0258411
0.985015 -0.0258738
0.987013 -0.0259025
0.989011 -0.025927
0.991009 -0.0259475
0.993007 -0.0259639
0.995005 -0.0259761
0.997003 -0.0259843
0.999001 -0.0259884
1.001 -0.0259884
1.003 -0.0259843
1.005 -0.0259761
1.00699 -0.0259639
1.00899 -0.0259475
1.01099 -0.025927
1.01299 -0.0259025
1.01499 -0.0258738
1.01698 -0.0258411
1.01898 -0.0258043
1.02098 -0.0257635
1.02298 -0.0257186
1.02498 -0.0256696
1.02697 -0.0256166
1.02897 -0.0255596
1.03097 -0.0254985
1.03297 -0.0254334
1.03497 -0.0253643
1.03696 -0.0252912
1.03896 -0.0252141
1.04096 -0.0251331
1.04296 -0.025048
1.04496 -0.0249591
1.04695 -0.0248662
1.04895 -0.0247693
1.05095 -0.0246686
1.05295 -0.024564
1.05495 -0.0244555
1.05694 -0.0243432
1.05894 -0.024227
1.06094 -0.024107
1.06294 -0.0239833
1.06494 -0.0238557
1.06693 -0.0237244
1.06893 -0.0235893
1.07093 -0.0234505
1.07293 -0.023308
1.07493 -0.0231619
1.07692 -0.0230121
1.07892 -0.0228586
1.08092 -0.0227016
1.08292 -0.022541
1.08492 -0.0223768
1.08691 -0.0222091
1.08891 -0.022038
1.09091 -0.0218633
1.09291 -0.0216852
1.09491 -0.0215037
1.0969 -0.0213187
1.0989 -0.0211305
1.1009 -0.0209389
1.1029 -0.020744
1.1049 -0.0205458
1.10689 -0.0203444
1.10889 -0.0201398
1.11089 -0.019932
1.11289 -0.019721
1.11489 -0.019507
1.11688 -0.0192899
1.11888 -0.0190697
1.12088 -0.0188466
1.12288 -0.0186204
1.12488 -0.0183914
1.12687 -0.0181594
1.12887 -0.0179246
1.13087 -0.0176869
1.13287 -0.0174465
1.13487 -0.0172033
1.13686 -0.0169574
1.13886 -0.0167088
1.14086 -0.0164576
1.14286 -0.0162038
1.14486 -0.0159475
1.14685 -0.0156886
1.14885 -0.0154273
1.15085 -0.0151635
1.15285 -0.0148974
1.15485 -0.0146289
1.15684 -0.014358
1.15884 -0.014085
1.16084 -0.0138097
1.16284 -0.0135322
1.16484 -0.0132526
1.16683 -0.0129709
1.16883 -0.0126872
1.17083 -0.0124014
1.17283 -0.0121138
1.17483 -0.0118242
1.17682 -0.0115327
1.17882 -0.0112394
1.18082 -0.0109444
1.18282 -0.0106476
1.18482 -0.0103491
1.18681 -0.0100491
1.18881 -0.00974739
1.19081 -0.00944419
1.19281 -0.0091395
1.19481 -0.00883336
1.1968 -0.00852584
1.1988 -0.00821697
1.2008 -0.00790681
1.2028 -0.0075954
1.2048 -0.00728279
1.20679 -0.00696904
1.20879 -0.00665419
1.21079 -0.00633828
1.21279 -0.00602138
1.21479 -0.00570354
1.21678 -0.00538479
1.21878 -0.00506519
1.22078 -0.0047448
1.22278 -0.00442365
1.22478 -0.00410181
1.22677 -0.00377933
1.22877 -0.00345625
1.23077 -0.00313262
1.23277 -0.0028085
1.23477 -0.00248394
1.23676 -0.00215898
1.23876 -0.00183369
1.24076 -0.00150811
1.24276 -0.00118229
1.24476 -0.000856278
1.24675 -0.000530136
1.24875 -0.00020391
1.25075 0.000122347
1.25275 0.000448586
1.25475 0.000774754
1.25674 0.0011008
1.25874 0.00142667
1.26074 0.00175232
1.26274 0.00207769
1.26474 0.00240273
1.26673 0.0027274
1.26873 0.00305164
1.27073 0.00337539
1.27273 0.00369861
1.27473 0.00402125
1.27672 0.00434326
1.27872 0.00466458
1.28072 0.00498517
1.28272 0.00530497
1.28472 0.00562393
1.28671 0.00594201
1.28871 0.00625915
1.29071 0.00657531
1.29271 0.00689043
1.29471 0.00720446
1.2967 0.00751736
1.2987 0.00782907
1.3007 0.00813955
1.3027 0.00844875
1.3047 0.00875661
1.30669 0.0090631
1.30869 0.00936815
1.31069 0.00967173
1.31269 0.00997379
1.31469 0.0102743
1.31668 0.0105731
1.31868 0.0108703
1.32068 0.0111658
1.32268 0.0114596
1.32468 0.0117515
1.32667 0.0120415
1.32867 0.0123297
1.33067 0.0126159
1.33267 0.0129002
1.33467 0.0131824
1.33666 0.0134625
1.33866 0.0137405
1.34066 0.0140164
1.34266 0.01429
1.34466 0.0145614
1.34665 0.0148305
1.34865 0.0150972
1.35065 0.0153616
1.35265 0.0156235
1.35465 0.015883
1.35664 0.01614
1.35864 0.0163944
1.36064 0.0166463
1.36264 0.0168955
1.36464 0.0171421
1.36663 0.017386
1.36863 0.0176271
1.37063 0.0178654
1.37263 0.018101
1.37463 0.0183337
1.37662 0.0185634
1.37862 0.0187903
1.38062 0.0190142
1.38262 0.0192351
1.38462 0.019453
1.38661 0.0196678
1.38861 0.0198795
1.39061 0.0200881
1.39261 0.0202935
1.39461 0.0204957
1.3966 0.0206947
1.3986 0.0208904
1.4006 0.0210829
1.4026 0.021272
1.4046 0.0214577
1.40659 0.0216401
1.40859 0.0218191
1.41059 0.0219946
1.41259 0.0221667
1.41459 0.0223352
1.41658 0.0225003
1.41858 0.0226618
1.42058 0.0228197
1.42258 0.022974
1.42458 0.0231248
1.42657 0.0232718
1.42857 0.0234152
1.43057 0.0235549
1.43257 0.0236909
1.43457 0.0238232
1.43656 0.0239517
1.43856 0.0240764
1.44056 0.0241974
1.44256 0.0243145
1.44456 0.0244278
1.44655 0.0245373
1.44855 0.0246428
1.45055 0.0247445
1.45255 0.0248423
1.45455 0.0249362
1.45654 0.0250262
1.45854 0.0251122
1.46054 0.0251942
1.46254 0.0252723
1.46454 0.0253464
1.46653 0.0254165
1.46853 0.0254826
1.47053 0.0255447
1.47253 0.0256027
1.47453 0.0256567
1.47652 0.0257067
1.47852 0.0257526
1.48052 0.0257945
1.48252 0.0258323
1.48452 0.025866
1.48651 0.0258957
1.48851 0.0259213
1.49051 0.0259428
1.49251 0.0259602
1.49451 0.0259735
1.4965 0.0259827
1.4985 0.0259878
1.5005 0.0259888
1.5025 0.0259857
1.5045 0.0259786
1.50649 0.0259673
1.50849 0.025952
1.51049 0.0259325
1.51249 0.025909
1.51449 0.0258814
1.51648 0.0258497
1.51848 0.0258139
1.52048 0.0257741
1.52248 0.0257302
1.52448 0.0256822
1.52647 0.0256302
1.52847 0.0255742
1.53047 0.0255141
1.53247 0.02545
1.53447 0.0253819
1.53646 0.0253098
1.53846 0.0252338
1.54046 0.0251537
1.54246 0.0250697
1.54446 0.0249817
1.54645 0.0248898
1.54845 0.0247939
1.55045 0.0246942
1.55245 0.0245905
1.55445 0.024483
1.55644 0.0243716
1.55844 0.0242564
1.56044 0.0241374
1.56244 0.0240146
1.56444 0.0238879
1.56643 0.0237575
1.56843 0.0236234
1.57043 0.0234855
1.57243 0.023344
1.57443 0.0231988
1.57642 0.0230499
1.57842 0.0228973
1.58042 0.0227412
1.58242 0.0225815
1.58442 0.0224182
1.58641 0.0222514
1.58841 0.0220811
1.59041 0.0219073
1.59241 0.02173
1.59441 0.0215494
1.5964 0.0213653
1.5984 0.0211779
1.6004 0.0209871
1.6024 0.020793
1.6044 0.0205956
1.60639 0.020395
1.60839 0.0201912
1.61039 0.0199842
1.61239 0.0197741
1.61439 0.0195608
1.61638 0.0193444
1.61838 0.019125
1.62038 0.0189026
1.62238 0.0186772
1.62438 0.0184489
1.62637 0.0182177
1.62837 0.0179836
1.63037 0.0177466
1.63237 0.0175069
1.63437 0.0172644
1.63636 0.0170191
1.63836 0.0167712
1.64036 0.0165207
1.64236 0.0162675
1.64436 0.0160118
1.64635 0.0157536
1.64835 0.0154929
1.65035 0.0152297
1.65235 0.0149641
1.65435 0.0146962
1.65634 0.014426
1.65834 0.0141535
1.66034 0.0138787
1.66234 0.0136018
1.66434 0.0133227
1.66633 0.0130415
1.66833 0.0127583
1.67033 0.0124731
1.67233 0.0121859
1.67433 0.0118967
1.67632 0.0116057
1.67832 0.0113129
1.68032 0.0110183
1.68232 0.010722
1.68432 0.0104239
1.68631 0.0101242
1.68831 0.00982296
1.69031 0.00952013
1.69231 0.00921581
1.69431 0.00891003
1.6963 0.00860285
1.6983 0.00829431
1.7003 0.00798447
1.7023 0.00767337
1.7043 0.00736105
1.70629 0.00704758
1.70829 0.006733
1.71029 0.00641736
1.71229 0.0061007
1.71429 0.00578308
1.71628 0.00546456
1.71828 0.00514517
1.72028 0.00482497
1.72228 0.00450401
1.72428 0.00418234
1.72627 0.00386001
1.72827 0.00353707
1.73027 0.00321358
1.73227 0.00288957
1.73427 0.00256512
1.73626 0.00224026
1.73826 0.00191504
1.74026 0.00158953
1.74226 0.00126376
1.74426 0.000937795
1.74625 0.000611682
1.74825 0.000285472
1.75025 -4.07824e-05
1.75225 -0.000367031
1.75425 -0.000693221
1.75624 -0.0010193
1.75824 -0.00134522
1.76024 -0.00167093
1.76224 -0.00199638
1.76424 -0.00232151
1.76623 -0.00264627
1.76823 -0.00297062
1.77023 -0.0032945
1.77223 -0.00361786
1.77423 -0.00394065
1.77622 -0.00426282
1.77822 -0.00458432
1.78022 -0.00490509
1.78222 -0.00522509
1.78422 -0.00554427
1.78621 -0.00586258
1.78821 -0.00617996
1.79021 -0.00649636
1.79221 -0.00681175
1.79421 -0.00712606
1.7962 -0.00743924
1.7982 -0.00775126
1.8002 -0.00806205
1.8022 -0.00837157
1.8042 -0.00867977
1.80619 -0.00898661
1.80819 -0.00929203
1.81019 -0.00959598
1.81219 -0.00989842
1.81419 -0.0101993
1.81618 -0.0104986
1.81818 -0.0107962
1.82018 -0.0110921
1.82218 -0.0113863
1.82418 -0.0116787
1.82617 -0.0119692
1.82817 -0.0122578
1.83017 -0.0125446
1.83217 -0.0128293
1.83417 -0.013112
1.83616 -0.0133927
1.83816 -0.0136712
1.84016 -0.0139476
1.84216 -0.0142218
1.84416 -0.0144937
1.84615 -0.0147634
1.84815 -0.0150307
1.85015 -0.0152957
1.85215 -0.0155583
1.85415 -0.0158184
1.85614 -0.016076
1.85814 -0.0163311
1.86014 -0.0165836
1.86214 -0.0168335
1.86414 -0.0170807
1.86613 -0.0173252
1.86813 -0.0175671
1.87013 -0.0178061
1.87213 -0.0180424
1.87413 -0.0182758
1.87612 -0.0185063
1.87812 -0.0187339
1.88012 -0.0189585
1.88212 -0.0191802
1.88412 -0.0193988
1.88611 -0.0196144
1.88811 -0.0198269
1.89011 -0.0200363
1.89211 -0.0202425
1.89411 -0.0204455
1.8961 -0.0206453
1.8981 -0.0208418
1.9001 -0.0210351
1.9021 -0.021225
1.9041 -0.0214116
1.90609 -0.0215948
1.90809 -0.0217747
1.91009 -0.0219511
1.91209 -0.022124
1.91409 -0.0222934
1.91608 -0.0224594
1.91808 -0.0226217
1.92008 -0.0227806
1.92208 -0.0229358
1.92408 -0.0230874
1.92607 -0.0232354
1.92807 -0.0233797
1.93007 -0.0235204
1.93207 -0.0236573
1.93407 -0.0237905
1.93606 -0.0239199
1.93806 -0.0240456
1.94006 -0.0241675
1.94206 -0.0242856
1.94406 -0.0243998
1.94605 -0.0245103
1.94805 -0.0246168
1.95005 -0.0247195
1.95205 -0.0248182
1.95405 -0.0249131
1.95604 -0.025004
1.95804 -0.025091
1.96004 -0.0251741
1.96204 -0.0252531
1.96404 -0.0253282
1.96603 -0.0253993
1.96803 -0.0254664
1.97003 -0.0255295
1.97203 -0.0255886
1.97403 -0.0256436
1.97602 -0.0256946
1.97802 -0.0257415
1.98002 -0.0257844
1.98202 -0.0258232
1.98402 -0.025858
1.98601 -0.0258887
1.98801 -0.0259153
1.99001 -0.0259378
1.99201 -0.0259562
1.99401 -0.0259705
1.996 -0.0259808
1.998 -0.0259869
